55
6
2323
5
5
6
7
5
5
6
7
5
5
6
7
5
44
5
5
6
2323
5
5
6
7
5
5
6
7
5
5
6
7
5
44
5
5
6
2323
5
5
6
7
5
5
6
7
5
5
6
7
5
44
5
5
6
2323
5
5
6
7
5
5
6
7
5
5
6
7
5
44
5
5
6
2323
5
5
6
7
5
5
6
7
5
5
6
7
5
44
5
5
6
2323
5
5
6
7
5
5
6
7
5
5
6
7
5
44
5
5
6
2323
5
5
6
7
5
5
6
7
5
5
6
7
5
44
5
5
6
2323
5
5
6
7
5
5
6
7
5
5
6
7
5
5
6
7
5
5
6
7
6
2323
5
5
6
7
5
5
6
7
5
5
6
7
5
44
5
5
6
2323
5
5
6
7
5
5
6
7
5
5
6
7
5
44
5
5
6
2323
5
5
6
7
5
5
6
7
5
5
6
7
5
44
5
5
6
2323
5
5
6
7
5
5
6
7
5
5
6
7
5
44
5
5
6
2323
5
5
6
7
5
5
6
7
5
5
6
7
5
44
5
5
6
2323
5
5
6
7
5
5
6
7
5
5
6
7
5
44
5
5
6
2323
5
5
6
7
5
5
6
7
5
5
6
7
5
44
5
5
6
2323
5
5
6
7
5
5
6
7
5
5
6
7
5
5
6
7
5
5
6
7
